1169
-147
336238
0
511
383
-339
7942
0
22
1288
540
341836
2
166
1048
-878
81855
0
85
287
45
20086
1
45
717
377
92990
3
37
861
-457
133118
0
202
409
-351
11020
0
29
1033
301
244122
1
301
826
-246
155440
0
290
1509
-93
567108
0
708
1034
-274
248520
0
380
1299
503
358598
2
105
821
639
66430
8
2
507
63
63270
1
63
1570
326
589656
1
326
1283
561
332842
2
200
1544
-336
567760
0
604
657
-499
45662
0
79
1083
347
263120
1
347
925
-341
184836
0
292
924
-168
206388
0
378
1219
-21
371380
0
599
702
138
118440
1
138
1135
795
164050
5
115
1366
356
434805
1
356
697
-501
58702
0
98
1387
551
405042
2
133
793
359
124992
2
142
795
-101
155456
0
347
1035
261
250776
1
261
1178
-814
181272
0
182
1106
720
176209
4
141
566
386
42840
5
26
1667
-231
681382
0
718
800
-242
145359
0
279
1046
-650
167904
0
198
1955
13
955464
1
13
324
-34
25955
0
145
284
-26
19995
0
129
647
183
96280
1
183
1678
-110
700896
0
784
1664
168
685168
1
168
1549
-343
570438
0
603
995
-183
239134
0
406
524
12
68608
1
12
963
287
211250
1
287
1400
452
438924
1
452
246
-128
11033
0
59
1151
19
331110
1
19
471
-239
41180
0
116
889
675
83674
7
33
1128
524
249452
2
222
1604
158
636963
1
158
1084
500
231264
2
208
1078
690
171496
4
108
843
-697
56210
0
73
574
316
57405
3
58
236
-86
12075
0
75
342
26
29072
1
26
168
-22
6935
0
73
339
-99
26280
0
120
1522
-58
578280
0
732
593
-257
71400
0
168
1245
-579
303696
0
333
703
-421
79242
0
141
629
51
98260
1
51
1419
341
474320
1
341
1267
-721
271362
0
273
672
-78
111375
0
297
1488
0
553536
1
0
1557
-437
558320
0
560
941
-843
43708
0
49
1019
417
216118
2
116
778
314
126672
2
82
1107
-67
305240
0
520
867
-549
112572
0
159
950
8
225609
1
8
641
319
77280
2
158
581
461
31260
8
41
934
18
218008
1
18
1298
592
333585
2
239
731
-59
132720
0
336
1072
236
273372
1
236
654
-416
63665
0
119
484
-100
56064
0
192
1087
-459
242722
0
314
559
-9
78100
0
275
739
-115
133224
0
312
617
-369
61132
0
124
1025
187
253914
1
187
1161
21
336870
1
21
1361
225
450424
1
225
1033
-515
200466
0
259
783
143
148160
1
143
620
62
95139
1
62
584
80
83664
1
80
889
133
193158
1
133
570
214
69776
2
36
754
-734
7440
0
10
1477
403
504780
1
403
618
-526
26312
0
46
853
-841
5082
0
6
580
322
58179
3
64
1131
759
175770
5
15
927
-189
205902
0
369
1338
-298
425360
0
520
772
672
36100
14
22
922
-46
211992
0
438
591
261
70290
2
96
1432
-58
511815
0
687
1366
80
464889
1
80
678
-94
112712
0
292
1242
-128
381545
0
557
1219
497
309738
2
136
387
-211
26312
0
88
836
-760
30324
0
38
963
647
127190
5
15
1138
-350
293136
0
394
358
-144
26857
0
107
1337
543
373180
2
146
1159
-615
241264
0
272
220
-198
2299
0
11
710
-396
86821
0
157
1309
573
346288
2
205
847
-583
94380
0
132
884
-730
62139
0
77
1053
-513
211410
0
270
1751
221
754290
1
221
546
202
64328
2
30
980
-400
200100
0
290
978
62
238160
1
62
785
53
153354
1
53
627
-169
91142
0
229
322
308
2205
45
0
1737
229
741182
1
229
1197
-69
357012
0
564
819
557
90128
5
33
1520
-362
544839
0
579
1680
-218
693719
0
731
405
-141
36036
0
132
159
67
5198
2
21
481
133
53418
1
133
223
-89
10452
0
67
966
720
103689
6
105
485
177
50974
2
23
962
-828
59965
0
67
1093
-309
274792
0
392
164
4
6720
1
4
1414
318
474568
1
318
1269
-615
308034
0
327
1011
-137
250838
0
437
1257
701
272162
3
145
689
621
22270
19
9
619
-165
88984
0
227
1387
95
478686
1
95
1332
-494
382547
0
419
456
48
51408
1
48
1019
441
210970
2
152
243
-235
956
0
4
1069
505
221934
2
223
619
-15
95734
0
302
1424
-572
425148
0
426
407
-91
39342
0
158
1485
395
512300
1
395
715
-317
102684
0
199
1491
167
548798
1
167
620
-510
31075
0
55
1462
-322
508440
0
570
629
243
84148
2
50
984
-110
239039
0
437
1711
-233
718308
0
739
143
-75
3706
0
34
1058
-590
192816
0
234
1476
-70
543419
0
703
858
754
41912
15
26
1785
61
795626
1
61
1169
15
341584
1
15
1706
264
710185
1
264
732
318
108675
2
111
436
18
47443
1
18
1190
366
320536
1
366
554
-382
40248
0
86
395
87
37114
1
87
674
438
65608
4
84
991
-987
1978
0
2
820
-258
151459
0
281
1479
453
495558
1
453
578
88
81585
1
88
312
-4
24332
0
154
801
-611
67070
0
95
1615
-327
625324
0
644
939
353
189278
2
60
838
-376
140217
0
231
1006
-210
241984
0
398
716
432
81508
4
6
1064
900
80524
11
80
659
-609
15850
0
25
895
-611
106926
0
142
1272
-292
383180
0
490
1334
98
442488
1
98
